NestedGrid
0.040211
0.037682
0.037788
0.037585
0.037397
0.038109
0.03737
0.038682
0.038786
0.037568
0.037621
0.038227
0.038161
0.038009
0.037865
0.038915
0.038342
0.038668
0.038847
0.038501
0.038617
0.038761
0.03934
0.038249
0.038735
0.038608
0.038828
0.03886
0.038599
0.039219
FlatGrid
0.044846
0.043787
0.045011
0.04633
0.044386
0.043978
0.04459
0.045253
0.044005
0.043999
0.043798
0.043884
0.043886
0.045262
0.045636
0.045537
0.045993
0.045913
0.044955
0.044561
0.044001
0.044724
0.044388
0.044425
0.044342
0.044634
0.044351
0.044849
0.044172
0.044764