9x9 on every cell in 600x600
NestedGrid_export
16.643119
15.10208
14.910942
22.125438
14.888619
15.023329
14.969566
14.960361
14.936595
14.928744
14.878643
14.912572
14.946225
14.995137
14.95915
16.756633
14.919633
14.910939
14.929442
15.060609
18.154426
15.66405
22.471727
20.583427
15.747806
18.049723
15.040511
15.894493
15.016914
17.58939
FlatGrid_export
13.324882
13.348794
13.30436
13.416128
13.392597
16.317484
13.666742
13.402526
19.968794
13.355496
15.954617
13.391785
14.673698
14.512583
13.324898
13.350127
13.649595
13.396375
13.415949
13.421921
13.265385
13.275514
13.73655
13.493011
15.217651
13.381028
15.976382
13.222403
14.305069
14.87348
DictGrid_export
16.43998
20.087545
16.856374
18.732957
16.955192
17.167085
16.690971
17.772617
16.621915
19.406847
19.133787
16.553685
22.283116
16.812334
16.330815
17.049242
16.810984
16.578309
18.41832
17.420805
21.940775
19.238684
16.525257
16.401033
16.371911
16.473599
16.500318
16.581715
16.646851
19.273384