GodotIntersection, 9x9 on every cell in 600x600
NestedGrid
0.675837
0.667657
0.66484
0.665852
0.725129
0.7579
0.736279
0.725562
0.663433
0.84667
0.774642
0.660411
0.86786
0.725734
0.731309
0.673716
0.66686
0.665427
0.664948
0.782433
0.680967
0.73736
0.670432
0.708709
0.796001
0.665403
0.703637
0.684926
0.776935
0.768744
NestedGridRect
0.344024
0.350578
0.344774
0.343761
0.34547
0.341821
0.346218
0.343072
0.343752
0.34617
0.345092
0.342435
0.345087
0.343075
0.345231
0.344248
0.467037
0.470078
0.343743
0.344052
0.342448
0.343489
0.344018
0.343824
0.34756
0.350475
0.344701
0.3436
0.343567
0.348039
FlatGrid
0.668103
0.662804
0.665701
0.66262
0.662388
0.662023
0.663168
0.662636
0.862718
0.932048
0.935504
0.929461
0.820123
0.662822
0.663952
0.658898
0.66143
0.664763
0.662064
0.660826
0.662934
0.661266
0.65946
0.660019
0.65763
0.660503
0.66104
0.661871
0.660437
0.661489
FlatGridRect
0.344216
0.343786
0.367627
0.393527
0.534932
0.477486
0.540786
0.388881
0.345646
0.343239
0.343338
0.345078
0.343721
0.500071
0.355682
0.348546
0.345818
0.344258
0.344371
0.360279
0.366893
0.537518
0.523498
0.344596
0.34365
0.344104
0.343312
0.480926
0.537411
0.345031