9x9 on every cell in 600x600
NestedGrid
19.393538
19.101994
19.256354
19.209771
19.857985
20.056376
19.627051
18.870875
19.026889
19.411037
20.409024
19.218035
21.87238
20.655812
19.031624
19.684235
20.179976
20.61986
18.801801
20.720619
20.697914
21.181519
19.795584
19.549774
19.65998
20.194991
19.551148
20.331479
19.017375
19.360307
FlatGrid
20.634484
20.230469
18.77814
17.613333
17.370512
18.071457
18.043362
17.515015
18.625631
18.056475
17.252325
19.235596
17.044348
19.561341
20.471057
17.646419
18.942387
18.212994
19.83693
19.669891
18.71998
17.604832
18.120584
18.779916
18.25717
18.184496
17.95103
17.111186
18.025388
18.376144
DictGrid
22.816685
22.674913
22.303699
21.799017
21.907264
21.601574
21.491454
21.650134
21.510769
22.729057
21.491175
22.112906
21.469752
22.024936
21.594645
22.175005
22.565807
21.646894
22.645348
21.742476
20.975875
21.401399
22.183928
22.270783
20.823548
21.88929
21.774554
21.355003
21.697164
21.211594