NestedGrid
10.1875
10.125
10.375
10.203125
10.125
10.109375
10.203125
10.3125
10.1875
10.265625
10.125
10.140625
10.203125
10.28125
10.15625
10.171875
10.140625
10.15625
10.109375
10.1875
10.140625
10.15625
10.109375
12.734375
12.609375
12.296875
12.375
11.6875
10.40625
11.203125
FlatGrid
12.25
12.078125
12.046875
12.375
12.046875
12.3125
12.046875
12.25
13.484375
12.265625
12.109375
12.125
12.78125
12.5
12.15625
12.3125
12.09375
12.1875
12.078125
12.140625
12.296875
12.546875
11.984375
12.25
12.09375
12.359375
12.71875
12.078125
12.296875
12.359375
DictGrid
13.65625
13.484375
13.546875
13.375
13.484375
13.546875
13.546875
13.53125
13.5625
13.671875
13.546875
13.421875
13.453125
13.453125
13.578125
13.4375
13.4375
13.59375
13.453125
13.6875
13.421875
13.40625
13.375
13.53125
13.484375
13.484375
13.34375
13.390625
13.390625
13.390625
FlatDictGrid
13.859375
14.203125
14.125
13.953125
13.78125
13.75
14.0
13.78125
13.859375
13.859375
13.71875
13.71875
13.703125
13.734375
13.703125
13.734375
14.203125
14.046875
14.09375
13.859375
13.78125
14.125
13.765625
13.671875
13.734375
14.046875
14.125
13.671875
13.984375
14.25
npNestedGrid
2.046875
1.9375
1.90625
1.90625
1.921875
1.953125
1.953125
1.953125
1.96875
2.140625
1.90625
1.9375
1.921875
1.890625
2.046875
2.140625
1.921875
1.90625
1.921875
1.890625
1.890625
1.9375
2.125
2.0625
1.90625
1.9375
1.96875
2.0
2.140625
1.953125